%% Debugging fit 

% fit_ss_eqn 
b1 = 0.9; 
% Solve M0b first then figure out how to incorporate Raobs
'+-0.00026027*M0b.^0.*b1.^0.*Raobs.^0 +0.0015964*M0b.^0.*b1.^0.*Raobs.^1 +-0.0024425*M0b.^0.*b1.^0.*Raobs.^2 +0.0019367*M0b.^0.*b1.^0.*Raobs.^3 +-0.00051786*M0b.^0.*b1.^0.*Raobs.^4 +-0.0013713*M0b.^0.*b1.^1.*Raobs.^0 +0.0068807*M0b.^0.*b1.^1.*Raobs.^1 +-0.011603*M0b.^0.*b1.^1.*Raobs.^2 +0.008337*M0b.^0.*b1.^1.*Raobs.^3 +-0.0021069*M0b.^0.*b1.^1.*Raobs.^4 +0.0020364*M0b.^0.*b1.^2.*Raobs.^0 +-0.015414*M0b.^0.*b1.^2.*Raobs.^1 +0.030364*M0b.^0.*b1.^2.*Raobs.^2 +-0.024516*M0b.^0.*b1.^2.*Raobs.^3 +0.0066962*M0b.^0.*b1.^2.*Raobs.^4 +-0.0011899*M0b.^0.*b1.^3.*Raobs.^0 +0.018877*M0b.^0.*b1.^3.*Raobs.^1 +-0.039841*M0b.^0.*b1.^3.*Raobs.^2 +0.033572*M0b.^0.*b1.^3.*Raobs.^3 +-0.0094364*M0b.^0.*b1.^3.*Raobs.^4 +-0.00076105*M0b.^0.*b1.^4.*Raobs.^0 +-0.0065754*M0b.^0.*b1.^4.*Raobs.^1 +0.017714*M0b.^0.*b1.^4.*Raobs.^2 +-0.016866*M0b.^0.*b1.^4.*Raobs.^3 +0.0050847*M0b.^0.*b1.^4.*Raobs.^4 +0.00066011*M0b.^0.*b1.^5.*Raobs.^0 +-0.00031733*M0b.^0.*b1.^5.*Raobs.^1 +-0.0014537*M0b.^0.*b1.^5.*Raobs.^2 +0.0022995*M0b.^0.*b1.^5.*Raobs.^3 +-0.00083436*M0b.^0.*b1.^5.*Raobs.^4 +0.014423*M0b.^1.*b1.^0.*Raobs.^0 +-0.0706*M0b.^1.*b1.^0.*Raobs.^1 +0.1142*M0b.^1.*b1.^0.*Raobs.^2 +-0.082152*M0b.^1.*b1.^0.*Raobs.^3 +0.021268*M0b.^1.*b1.^0.*Raobs.^4 +-0.27065*M0b.^1.*b1.^1.*Raobs.^0 +0.85221*M0b.^1.*b1.^1.*Raobs.^1 +-1.3173*M0b.^1.*b1.^1.*Raobs.^2 +0.89613*M0b.^1.*b1.^1.*Raobs.^3 +-0.21871*M0b.^1.*b1.^1.*Raobs.^4 +0.96866*M0b.^1.*b1.^2.*Raobs.^0 +-1.8828*M0b.^1.*b1.^2.*Raobs.^1 +3.112*M0b.^1.*b1.^2.*Raobs.^2 +-2.3059*M0b.^1.*b1.^2.*Raobs.^3 +0.59451*M0b.^1.*b1.^2.*Raobs.^4 +-0.49695*M0b.^1.*b1.^3.*Raobs.^0 +1.5467*M0b.^1.*b1.^3.*Raobs.^1 +-2.9248*M0b.^1.*b1.^3.*Raobs.^2 +2.4489*M0b.^1.*b1.^3.*Raobs.^3 +-0.677*M0b.^1.*b1.^3.*Raobs.^4 +0.06276*M0b.^1.*b1.^4.*Raobs.^0 +-0.62904*M0b.^1.*b1.^4.*Raobs.^1 +1.3988*M0b.^1.*b1.^4.*Raobs.^2 +-1.3104*M0b.^1.*b1.^4.*Raobs.^3 +0.38211*M0b.^1.*b1.^4.*Raobs.^4 +0.0063149*M0b.^1.*b1.^5.*Raobs.^0 +0.11607*M0b.^1.*b1.^5.*Raobs.^1 +-0.2911*M0b.^1.*b1.^5.*Raobs.^2 +0.29086*M0b.^1.*b1.^5.*Raobs.^3 +-0.087083*M0b.^1.*b1.^5.*Raobs.^4 +-0.066831*M0b.^2.*b1.^0.*Raobs.^0 +0.35289*M0b.^2.*b1.^0.*Raobs.^1 +-0.5903*M0b.^2.*b1.^0.*Raobs.^2 +0.42856*M0b.^2.*b1.^0.*Raobs.^3 +-0.11208*M0b.^2.*b1.^0.*Raobs.^4 +0.96005*M0b.^2.*b1.^1.*Raobs.^0 +-4.1463*M0b.^2.*b1.^1.*Raobs.^1 +6.6919*M0b.^2.*b1.^1.*Raobs.^2 +-4.7165*M0b.^2.*b1.^1.*Raobs.^3 +1.1874*M0b.^2.*b1.^1.*Raobs.^4 +-1.737*M0b.^2.*b1.^2.*Raobs.^0 +8.0428*M0b.^2.*b1.^2.*Raobs.^1 +-14.7038*M0b.^2.*b1.^2.*Raobs.^2 +11.7097*M0b.^2.*b1.^2.*Raobs.^3 +-3.1841*M0b.^2.*b1.^2.*Raobs.^4 +0.33111*M0b.^2.*b1.^3.*Raobs.^0 +-5.7848*M0b.^2.*b1.^3.*Raobs.^1 +13.3591*M0b.^2.*b1.^3.*Raobs.^2 +-12.5203*M0b.^2.*b1.^3.*Raobs.^3 +3.7104*M0b.^2.*b1.^3.*Raobs.^4 +0.43157*M0b.^2.*b1.^4.*Raobs.^0 +1.9164*M0b.^2.*b1.^4.*Raobs.^1 +-6.199*M0b.^2.*b1.^4.*Raobs.^2 +6.7503*M0b.^2.*b1.^4.*Raobs.^3 +-2.1309*M0b.^2.*b1.^4.*Raobs.^4 +-0.16125*M0b.^2.*b1.^5.*Raobs.^0 +-0.29159*M0b.^2.*b1.^5.*Raobs.^1 +1.2697*M0b.^2.*b1.^5.*Raobs.^2 +-1.5038*M0b.^2.*b1.^5.*Raobs.^3 +0.48911*M0b.^2.*b1.^5.*Raobs.^4';

% fit_ss_eqn_sprintf
"+-0.00026027*M0b.^0.*b1.^0.*(%f).^0 +0.0015964*M0b.^0.*b1.^0.*(%f).^1 +-0.0024425*M0b.^0.*b1.^0.*(%f).^2 +0.0019367*M0b.^0.*b1.^0.*(%f).^3 +-0.00051786*M0b.^0.*b1.^0.*(%f).^4 +-0.0013713*M0b.^0.*b1.^1.*(%f).^0 +0.0068807*M0b.^0.*b1.^1.*(%f).^1 +-0.011603*M0b.^0.*b1.^1.*(%f).^2 +0.008337*M0b.^0.*b1.^1.*(%f).^3 +-0.0021069*M0b.^0.*b1.^1.*(%f).^4 +0.0020364*M0b.^0.*b1.^2.*(%f).^0 +-0.015414*M0b.^0.*b1.^2.*(%f).^1 +0.030364*M0b.^0.*b1.^2.*(%f).^2 +-0.024516*M0b.^0.*b1.^2.*(%f).^3 +0.0066962*M0b.^0.*b1.^2.*(%f).^4 +-0.0011899*M0b.^0.*b1.^3.*(%f).^0 +0.018877*M0b.^0.*b1.^3.*(%f).^1 +-0.039841*M0b.^0.*b1.^3.*(%f).^2 +0.033572*M0b.^0.*b1.^3.*(%f).^3 +-0.0094364*M0b.^0.*b1.^3.*(%f).^4 +-0.00076105*M0b.^0.*b1.^4.*(%f).^0 +-0.0065754*M0b.^0.*b1.^4.*(%f).^1 +0.017714*M0b.^0.*b1.^4.*(%f).^2 +-0.016866*M0b.^0.*b1.^4.*(%f).^3 +0.0050847*M0b.^0.*b1.^4.*(%f).^4 +0.00066011*M0b.^0.*b1.^5.*(%f).^0 +-0.00031733*M0b.^0.*b1.^5.*(%f).^1 +-0.0014537*M0b.^0.*b1.^5.*(%f).^2 +0.0022995*M0b.^0.*b1.^5.*(%f).^3 +-0.00083436*M0b.^0.*b1.^5.*(%f).^4 +0.014423*M0b.^1.*b1.^0.*(%f).^0 +-0.0706*M0b.^1.*b1.^0.*(%f).^1 +0.1142*M0b.^1.*b1.^0.*(%f).^2 +-0.082152*M0b.^1.*b1.^0.*(%f).^3 +0.021268*M0b.^1.*b1.^0.*(%f).^4 +-0.27065*M0b.^1.*b1.^1.*(%f).^0 +0.85221*M0b.^1.*b1.^1.*(%f).^1 +-1.3173*M0b.^1.*b1.^1.*(%f).^2 +0.89613*M0b.^1.*b1.^1.*(%f).^3 +-0.21871*M0b.^1.*b1.^1.*(%f).^4 +0.96866*M0b.^1.*b1.^2.*(%f).^0 +-1.8828*M0b.^1.*b1.^2.*(%f).^1 +3.112*M0b.^1.*b1.^2.*(%f).^2 +-2.3059*M0b.^1.*b1.^2.*(%f).^3 +0.59451*M0b.^1.*b1.^2.*(%f).^4 +-0.49695*M0b.^1.*b1.^3.*(%f).^0 +1.5467*M0b.^1.*b1.^3.*(%f).^1 +-2.9248*M0b.^1.*b1.^3.*(%f).^2 +2.4489*M0b.^1.*b1.^3.*(%f).^3 +-0.677*M0b.^1.*b1.^3.*(%f).^4 +0.06276*M0b.^1.*b1.^4.*(%f).^0 +-0.62904*M0b.^1.*b1.^4.*(%f).^1 +1.3988*M0b.^1.*b1.^4.*(%f).^2 +-1.3104*M0b.^1.*b1.^4.*(%f).^3 +0.38211*M0b.^1.*b1.^4.*(%f).^4 +0.0063149*M0b.^1.*b1.^5.*(%f).^0 +0.11607*M0b.^1.*b1.^5.*(%f).^1 +-0.2911*M0b.^1.*b1.^5.*(%f).^2 +0.29086*M0b.^1.*b1.^5.*(%f).^3 +-0.087083*M0b.^1.*b1.^5.*(%f).^4 +-0.066831*M0b.^2.*b1.^0.*(%f).^0 +0.35289*M0b.^2.*b1.^0.*(%f).^1 +-0.5903*M0b.^2.*b1.^0.*(%f).^2 +0.42856*M0b.^2.*b1.^0.*(%f).^3 +-0.11208*M0b.^2.*b1.^0.*(%f).^4 +0.96005*M0b.^2.*b1.^1.*(%f).^0 +-4.1463*M0b.^2.*b1.^1.*(%f).^1 +6.6919*M0b.^2.*b1.^1.*(%f).^2 +-4.7165*M0b.^2.*b1.^1.*(%f).^3 +1.1874*M0b.^2.*b1.^1.*(%f).^4 +-1.737*M0b.^2.*b1.^2.*(%f).^0 +8.0428*M0b.^2.*b1.^2.*(%f).^1 +-14.7038*M0b.^2.*b1.^2.*(%f).^2 +11.7097*M0b.^2.*b1.^2.*(%f).^3 +-3.1841*M0b.^2.*b1.^2.*(%f).^4 +0.33111*M0b.^2.*b1.^3.*(%f).^0 +-5.7848*M0b.^2.*b1.^3.*(%f).^1 +13.3591*M0b.^2.*b1.^3.*(%f).^2 +-12.5203*M0b.^2.*b1.^3.*(%f).^3 +3.7104*M0b.^2.*b1.^3.*(%f).^4 +0.43157*M0b.^2.*b1.^4.*(%f).^0 +1.9164*M0b.^2.*b1.^4.*(%f).^1 +-6.199*M0b.^2.*b1.^4.*(%f).^2 +6.7503*M0b.^2.*b1.^4.*(%f).^3 +-2.1309*M0b.^2.*b1.^4.*(%f).^4 +-0.16125*M0b.^2.*b1.^5.*(%f).^0 +-0.29159*M0b.^2.*b1.^5.*(%f).^1 +1.2697*M0b.^2.*b1.^5.*(%f).^2 +-1.5038*M0b.^2.*b1.^5.*(%f).^3 +0.48911*M0b.^2.*b1.^5.*(%f).^4 ";